HCS_total_ASV_relative_phylum_abundance_dataframe;;;;;;;;;;;;;;;;;;;;;;;;;;;;;;;;;;
;Chlorophyta;Fungi;Dinoflagellata;Ochrophyta;Ciliophora;Metazoa;Sagenista;Cryptophyta;Opalozoa;Picozoa;Haptophyta;Rhodophyta;Pseudofungi;Cercozoa;Stramenopiles_X;Katablepharidophyta;Telonemia;Streptophyta;Prasinodermophyta;Choanoflagellida;Apicomplexa;Centroheliozoa;Conosa;Radiolaria;Mesomycetozoa;Lobosa;Apusomonadidae;Alveolata_X;Metamonada;Hilomonadea;Chrompodellids;Foraminifera;Perkinsea;Opisthokonta_X
C1A17;0,01586058;0,570388941;0,039573105;0,111302622;0,088007939;0,003151224;0,00454403;0;0,008513528;8,71E-05;0,115237299;0;0,021692956;0,00452662;0,001706188;0,00010446;0,00215885;0;0;0,000261151;0;0;0,012117414;0;0;0;0,000243741;0;0;0;0,000522302;0;0;0
C1F18;0,258717604;0,09676831;0,368668026;0,077467708;0,02631448;0,016249648;0,055232221;0,015669303;0,022583694;0,003183604;0,009501069;0;0,005422076;0,023561989;0,000845645;0,010578852;0,002951467;0;0,002238472;0,002138984;0;0,001525477;0;0;0,0002653;0;0;0;0;0,000116069;0;0;0;0
C1A18;0,379235892;0,077365395;0,259755904;0,096661288;0,064933294;0,017136753;0,009318394;0,035409896;0,009500216;0,002886429;0,011363895;0;0,003590991;0,000772745;0;0,012568467;0,016591286;0;0,002295507;0;0;0,00061365;0;0;0;0;0;0;0;0;0;0;0;0
C2A17;0,00200969;0,952772295;0,024816078;0,007626054;0,005795801;0,001022788;0,00073569;0,000179437;0,000681859;0;0,001632873;0;0,001220169;0,000305042;0;0,000107662;0,000681859;0,000412704;0;0;0;0;0;0;0;0;0;0;0;0;0;0;0;0
C2F18;0,061888531;0,028281898;0,479078766;0,247756794;0,037438968;0,021004146;0,052620912;0,017577153;0,014795025;0,003371718;0,007554123;0;0,004993091;0,013063105;0,000294795;0,004219254;0,001308153;0;0,001658222;0,00180562;0;0,000810686;0;0;0,000460617;0;0;0;0;1,84E-05;0;0;0;0
C2A18;0,305362183;0,149219191;0,332624647;0,064139229;0,044760113;0,039661336;0,008880527;0,020150517;0,004459078;0,001486359;0,007939793;0;0,002107244;0,001373471;0;0,004045155;0,003273754;0;0,007356538;0,000206961;0,000244591;0,000225776;0,001204139;0,001128881;0,000150517;0;0;0;0;0;0;0;0;0
C3A17;0,00872076;0,785850384;0,056325849;0,120082664;0,005071232;0,001524301;0,006199801;0;0,000483672;0;0,000894061;0;0,000982002;0,013044498;0,000263821;0,000263821;0,000249165;0;0;0;4,40E-05;0;0;0;0;0;0;0;0;0;0;0;0;0
C3F18;0,023795495;0,076931212;0,117814138;0,549215126;0,101421686;0,038752663;0,027421475;0,004864857;0,006708063;7,55E-05;0,017933493;0,000166191;0,008113131;0,018024143;0,001933856;0,000830954;0,003202949;7,55E-05;0,000392815;0,001631691;0;0,000120866;0;0;0,000105758;6,04E-05;0;0;0;0;0,000407923;0;0;0
C3A18;0,14407762;0,008564805;0,267462328;0,230004722;0,087451166;0,112286953;0,01032499;0,033786975;0,02839909;0,001180612;0,025565621;0;0,011999313;0,002082171;0;0,012514489;0,011698794;0;0,006911948;0,001910445;0,000923024;0,001803117;0,000493711;0;0;0,000171725;0,000386382;0;0;0;0;0;0;0
C4A17;0,003955059;0,924293864;0,032462987;0,021367821;0,006562598;0,002450037;0,001802527;0;0,001085016;0;0,001015015;0;0,000840013;0,00399006;0;0;0,000175003;0;0;0;0;0;0;0;0;0;0;0;0;0;0;0;0;0
C4F18;0,043411584;0,069206874;0,157288349;0,477842004;0,092760804;0,039145138;0,033600724;0,010243404;0,012150525;0,000353899;0,023259015;0;0,008985097;0,02223664;0,002398647;0,002477291;0,002025087;0,000275255;0,000334238;0,001749833;0,000157288;9,83E-05;0;0;0;0;0;0;0;0;0;0;0;0
C4A18;0,170672174;0,072286894;0,245691993;0,216234823;0,084407727;0,067843285;0,017524096;0,035611466;0,029582342;0,00185672;0,023052531;0;0,006884466;0,004401886;0,00041724;0,009700839;0,008198773;0;0,001794134;0,000959653;0,000500688;0,001063963;0;0;0,000250344;0,000250344;0,000646723;0;0;0,000166896;0;0;0;0
F1A17;0,085123824;0,160475451;0,16748641;0,036392269;0,217512296;0,026210199;0,022995944;0,149257917;0,029704893;0,049141427;0,027116231;0,000345155;0,012360859;0,002437656;0;0,005134179;0,003127966;0,000129433;0;0,002286651;0;0,002761239;0;0;0;0;0;0;0;0;0;0;0;0
F1F18;0,028023543;0,123523828;0,260015189;0,490374027;0,00782229;0,02390355;0,037364724;0,005562939;0,007765331;0,002126448;0,003208658;0,000265806;0,001499905;0,003398519;5,70E-05;0,002923866;0,000341751;0;0,000854376;0,000398709;0;0;0;0;0,000569584;0;0;0;0;0;0;0;0;0
F1A18;0,346038878;0,080503518;0,434785838;0,029928891;0,011288316;0,022038209;0,014500288;0,035610182;0,002933477;0,004103154;0,003286237;0,000167097;0,001373907;0,001002581;0;0,000686953;0,001095412;0;0,008113477;0,00085405;0,000984014;0,00050129;0;0,000204229;0;0;0;0;0;0;0;0;0;0
F2A17;0,121616137;0,40728114;0,199480498;0,032103576;0,009578311;0,029607533;0,028329072;0,035472219;0,038414708;0,052761882;0,019603068;0,000284102;0,003470108;0,005742928;0,00066967;0,001521977;0,002313406;0;0,000284102;0,003165713;6,09E-05;0,005641463;0,001684322;0,000588498;0,000324689;0;0;0;0;0;0;0;0;0
F2F18;0,061445269;0,184608822;0,306270796;0,273662657;0,00704718;0,0744817;0,048460029;0,00795154;0,014316185;0,003668629;0,003856326;0,000392458;0,002286494;0,004197594;0,000273014;0,003788073;0,000784916;3,41E-05;0,001194437;0,000477775;0,000392458;0;0;0;0,000273014;0;0;0;0;0,000136507;0;0;0;0
F2A18;0,448216197;0,020995362;0,305672494;0,046967535;0,071209418;0,017820193;0,038726365;0,028612201;0,005119515;0,004834106;0,003906529;0;0,001623261;0,001230824;0,000124866;0,000874064;0,00090974;0;0,001908669;0,000749197;7,14E-05;0,000428113;0;0;0;0;0;0;0;0;0;0;0;0
F3A17;0,057426836;0,668040546;0,167863059;0,006665615;0,010215351;0,035990376;0,007612211;0,010333675;0,010235071;0,012226868;0,006034551;0;0,001498777;0,001656543;9,86E-05;0,000907155;0,000276091;0;0;0,00078883;0;0,002129841;0;0;0;0;0;0;0;0;0;0;0;0
F3F18;0,085978836;0,048148148;0,451521164;0,10707672;0,018948413;0,088872354;0,089169974;0,027910053;0,026273148;0,014219577;0,00978836;0;0,004910714;0,008878968;0,000975529;0,010003307;0,001306217;0;0,00150463;0,003736772;0;0,000115741;0;0,000248016;0,00014881;0;0;0;0;0,00026455;0;0;0;0
F3A18;0,294767982;0,168962894;0,456039219;0,015112839;0,010024512;0,009128561;0,011596653;0,01376046;0,001014285;0,00131857;0,001758093;0,00099738;0,000760713;0,000726904;0;0,000473333;0,000169047;0;0,011917843;0,000236666;0,001115713;0;0,000118333;0;0;0;0;0;0;0;0;0;0;0
F4A17;0,032855572;0,831864097;0,088071187;0,002903902;0,003775072;0,003152807;0,006243388;0,010931115;0,00375433;0,00837983;0,004023978;0,000539296;0,000331874;0,000560038;0;0,000435585;0,000663749;0;0;0,000186679;0,000103711;0,000373359;0;0,000456327;0,000331874;6,22E-05;0;0;0;0;0;0;0;0
F4F18;0,086479689;0,077740991;0,459649179;0,097255826;0,012320132;0,07097606;0,086973131;0,027457659;0,021982045;0,016410926;0,009120718;0,000429772;0,005937221;0,010744302;0,000461607;0,008738699;0,001066471;0;0,000907297;0,003485929;4,78E-05;0,000413855;0;0,000636699;0,000222845;0;0,000206927;0;0;0,000334267;0;0;0;0
F4A18;0,302508067;0,091174098;0,393883837;0,044532854;0,045889557;0,015748753;0,021523907;0,056376503;0,005921825;0,005500147;0,005335142;0;0,002383397;0,001136697;0;0,001191698;0,002145057;0;0,002823409;0,000843356;0,000165004;0,000568348;0;0,000348343;0;0;0;0;0;0;0;0;0;0
H1A17;0,466078059;0,125175345;0,213647991;0,025282614;0,013747009;0,015380807;0,022444096;0,011948181;0,018169816;0,018582391;0,050383695;0,0082185;0,003218087;0,003003548;0;0;0,00153478;0;0,002211404;9,90E-05;0;8,25E-05;0;0,000478587;0,000313557;0;0;0;0;0;0;0;0;0
H1F18;0,663800623;0,04953271;0,126464174;0,025109034;0,036214953;0,03165109;0,02088785;0,015218069;0,005514019;0,005155763;0,005342679;0,002772586;0,001900312;0,002242991;0;0,005202492;0,001479751;0,000186916;0,0005919;0,000218069;0;0;0;0;0,000124611;0;0,000389408;0;0;0;0;0;0;0
H1A18;0,496765827;0,007749664;0,225635642;0,044784414;0,046420798;0,085045618;0,028590395;0,024422249;0,007054973;0,008197354;0,009000108;0,002747889;0,002701576;0,002022323;0;0,000401377;0,001373944;0;0,000787316;0,000524878;0;0,000123501;0,00101888;0,003319079;0;0;0;0,001312194;0;0;0;0;0;0
H2A17;0,499162292;0,098756469;0,247663725;0,01522767;0,014371347;0,006422428;0,023772292;0,010759894;0,019751294;0,020328382;0,034643881;0,000297852;0,00279236;0,002568971;0;0;0,001563722;0;0,000335083;0;0;0;0;0,00039093;0;0;0;0;0;0;0;0;0,001191407;0
H2F18;0,592913309;0,022257603;0,190099428;0,024775799;0,073336366;0,008854302;0,03150182;0,027651417;0,004435274;0,004094099;0,007132181;0,000617364;0,003168053;0,002160775;0;0,003525474;0,00204705;0,000162464;0,000487393;0,000536132;0;0;0;0;0,000243696;0;0;0;0;0;0;0;0;0
H2A18;0,483056685;0,00408411;0,263908936;0,052273324;0,0280475;0,074235665;0,024931111;0,031623147;0,005937541;0,007577746;0,008578271;0,002837554;0,00288676;0,002329091;0,00016402;0,000459257;0,001705813;0;0,001066133;0,001344968;0;8,20E-05;0;0,001820627;0;0;0;0,001049731;0;0;0;0;0;0
H3A17;0,430173799;0,28452375;0,105621552;0,027171662;0,011067482;0,032788243;0,026890004;0,027072253;0,008781086;0,015491161;0,016634359;0,001043789;0,006113624;0,001242606;0;0;0,002568053;0,000878109;0,001060358;0,000679292;0;6,63E-05;0;0;0,000132545;0;0;0;0;0;0;0;0;0
H3F18;0,6910739;0,03697723;0,110131083;0,025415909;0,043029283;0,003446685;0,02609439;0,023773984;0,002591799;0,003446685;0,008548864;9,50E-05;0,001723342;0,002062583;0,000149266;0,002618938;0,002198279;0,014085272;0,000868456;0,000461367;0;0;0;0;0,000664912;0;0,000393519;0;0;0,000149266;0;0;0;0
H3A18;0,480686321;0,021748617;0,216334154;0,037370617;0,059276326;0,106089962;0,020701332;0,029271613;0,00349095;0,006545531;0,006266255;0,001134559;0,002722941;0,000994921;0;0,000907647;0,001640746;0;0,001413835;0,000785464;0,000471278;0,000192002;0,000104728;0,000907647;6,98E-05;0;0;0,000872737;0;0;0;0;0;0
H4A17;0,54954852;0,120680459;0,096068122;0,073151217;0,009582047;0,037280451;0,019259344;0,032079857;0,005657789;0,01958319;0,023488399;0,002228826;0,004610051;0,001238237;0;0;0,002495523;0;0,001066789;0,000209548;0;0;0,000876291;0;0,000228598;0;0;0;0;0;0,000666743;0;0;0
H4F18;0,694066472;0,030325547;0,126209384;0,028467933;0,043313364;0,00269354;0,035495906;0,01869998;0,001811174;0,00404031;0,006764811;3,10E-05;0,001099088;0,000479884;0,000123841;0,001965975;0,002430378;0;0,001161009;7,74E-05;0;0;0;0;0,000263162;0;0,000139321;0;0;0,000340563;0;0;0;0
H4A18;0,549629895;0,005217335;0,169628591;0,084895816;0,061156944;0,016581342;0,031467049;0,041004989;0,005804285;0,004760818;0,014331366;0,001010859;0,003619526;0,000945642;0;0,000244563;0,004353214;0;0,002184759;0,002543451;0;0,000179346;0;0,000244563;0;0;0;0,00019565;0;0;0;0;0;0
P1F18;0,473313772;0,124439724;0,14303458;0,062678883;0,14717477;0,004968229;0,008280381;0,022987057;0,000846039;0,001404065;0,001836084;0,000198009;0,001116051;0,000774036;0;0,004680215;0,000828038;0;0,000396018;0,000612028;0;0;0;0;0;0;0,000342016;0;0;9,00E-05;0;0;0;0
P1A18;0,074550262;0,181104948;0,169284739;0,286190748;0,042960582;0,088789811;0,032332763;0,008277602;0,02730399;0,007275304;0,00584098;0,046347659;0,008571379;0,006601344;0,000155529;0,000656678;0,0013652;0;0,00549536;0,005426236;0,000743083;0;0;0;0,000397463;0;0,000328339;0;0;0;0;0;0;0
P2F18;0,471800208;0,064080976;0,208040867;0,060070003;0,103282566;0,002819033;0,012127519;0,042209819;0,005581307;0,003708258;0,00599754;0;0,003348784;0,002516318;0;0,007359758;0,002440639;0,000813546;0,001078422;0,002062246;0;0;0;0;0;0;0,000662189;0;0;0;0;0;0;0
P3F18;0,526254516;0,03427554;0,160095191;0,061754182;0,13501344;0,00104436;0,010717526;0,040233526;0,010409355;0,003115958;0,004588334;0;0,003800784;0,001164204;0;0,003047476;0,002619459;0;0,000958756;0,000907394;0;0;0;0;0;0;0;0;0;0;0;0;0;0
P4F18;0,423592761;0,055807615;0,229795084;0,0613917;0,165661199;0,000349005;0,014824417;0,02474614;0,002941616;0,003506673;0,002725565;0;0,002476276;0,001163351;0,000149574;0,006747436;0,001329544;0;0,001545595;0,001063635;0;0;0;0;0;0;0;0;0;0;0;0,000182812;0;0
Q1A17;0,005623722;0,221370143;0,117390278;0,065872267;0,057672644;0,352308479;0,004719207;0,010283939;0,022927482;0,006272613;0,001160138;0,010460909;0,015986314;0,01771669;0,084572125;0,002005663;0,000393267;0;0,000137644;0,002064653;0,000275287;0;0;0,000471921;0;0;0;0;0;0;0;0;0;0,000314614
Q1F18;0,004961568;0,573919481;0,259277344;0,009545111;0,001921623;0,125441028;0,002583165;0,00562311;0,00063004;0,000346522;0;0,000204763;0;0,000708795;0;0;3,15E-05;0,000693044;0;0;0,013640373;0;0;0;0,00047253;0;0;0;0;0;0;0;0;0
Q2A17;0,067765609;0,114259907;0,150276617;0,130044033;0,13580219;0,057875127;0,052410523;0,011042114;0,055684769;0,07359151;0,008377554;0,000293553;0,067539799;0,025087501;0,044665237;0,0017839;0,000429039;0;0,00045162;0,002258101;0;0;0;0;0;0;0,000361296;0;0;0;0;0;0;0
Q2F18;0,064624126;0,769273862;0,060435896;0,015205677;0,020621032;0,010137118;0,016352772;0,018100091;0,009403511;0,001613936;0,001213786;0;0,000186736;0,003427946;8,00E-05;0,000213413;0;0,001400523;0,000613562;0;0,005668783;0;0;0;0,001253801;0,000173398;0;0;0;0;0;0;0;0
Q3A17;0,040056938;0,104624007;0,096572585;0,117323903;0,177620605;0,033362247;0,068815195;0,015791464;0,047151976;0,134761238;0,010809368;0;0,071461934;0,028469118;0,047396633;0,002357599;0;0;0,000511554;0,002090701;0;0;0;0,000266898;0;0;0,000289139;0,000266898;0;0;0;0;0;0
Q3F18;0,084046568;0,631000478;0,055871565;0,024360746;0,017861889;0,104034873;0,011894636;0,046502047;0,007216522;0,0055021;0,001940354;0,000186061;0,000637925;0,004704694;0;0,000332252;7,97E-05;0,000345543;0,000677795;0,000385413;0,001594812;0;0;0;0,000677795;0;0;0;0;0;0;0,000146191;0;0
Q3A18;0,280699078;0,021358828;0,31682262;0,103098725;0,135323434;0,014527394;0,017510849;0,030800787;0,003949688;0,001000136;0,018036344;0;0,004424329;0,003525902;0,001186602;0,00432262;0,002813941;0,03563195;0,000711961;0,003000407;0;0,001254407;0;0;0;0;0;0;0;0;0;0;0;0
Q4A17;0,039454592;0,145015364;0,089450324;0,091754865;0,057250768;0,061283715;0,080914988;0,006892284;0,060536873;0,174014169;0,011074599;0,000170707;0,088362069;0,029596279;0,057784227;0,00089621;0,000448105;0;0,000917549;0,001899112;0;0;0;0,001515022;8,54E-05;0;0,000234722;0,000426767;0;2,13E-05;0;0;0;0
Q4F18;0,02061746;0,80853262;0,085994713;0,015603634;0,002415753;0,014312194;0,014099486;0,01224589;0,011334285;0,00258288;0,001276247;0,000197514;0,000379835;0,004573217;0;0,000546963;0;0,000167128;0;0;0,00458841;0,000106354;0;0,000167128;0,000258288;0;0;0;0;0;0;0;0;0
Q4A18;0,482687493;0,016783611;0,219685484;0,082066923;0,121610663;0,013998096;0,00558866;0,01807059;0,001710095;0,005218434;0,012781637;0;0,005447622;0,0067346;0;0,001286979;0,000476006;0,002027432;0;0,002944184;0;0;0,000458376;0,000423116;0;0;0;0;0;0;0;0;0;0
L1A17;0,302658764;0,343234547;0,124606266;0,028331922;0,081134632;0,078103302;0,003166808;0,009585097;0,009872989;0,000220152;0,000541914;0,006045724;0,000829805;0,005334462;0;0,002692633;5,08E-05;0,000474174;0,000169348;0,000355631;0;0;0;0;8,47E-05;0;0,000203218;3,39E-05;0,002269263;0;0;0;0;0
L1F18;0,058106789;0,216619105;0,233835236;0,140639081;0,006571042;0,212563833;0,007209372;0,005632322;0,001389306;0,000600781;0,000525683;0,100217783;0,005407029;0,003529588;0;0,000506909;0,000431811;0;0,001051367;0,000694653;0,003097777;0;0;0;0,001201562;0;0;0;0,00016897;0;0;0;0;0
L1A18;0,533345575;0,043316195;0,13723834;0,033786265;0,170859346;0,023448402;0,002956298;0,020822622;0,00297466;0,003800955;0,002130004;0;0;0,003782593;0,000128535;0,001726037;0;0,017811238;0;0,001872934;0;0;0;0;0;0;0;0;0;0;0;0;0;0
L2A17;0,259049423;0,112036143;0,132202649;0,143734174;0,070336837;0,232142532;0,00225894;0,020020768;0,008288853;0,000291476;0,001420946;0,004299273;0,000710473;0,002295375;0;0,00491866;0,000255042;0;0,000182173;0,000418997;0;0;3,64E-05;0;0;0,005027963;0;0;7,29E-05;0;0;0;0;0
L2F18;0,349107155;0,174779793;0,204484723;0,029422161;0,020076631;0,106957542;0,029252499;0,020840108;0,006913713;0,003690141;0,002855971;0,03701452;0,003280126;0,005598835;0;0,001088662;0,001215909;0;0,000226216;0,000721062;0,000706924;0;0;0;0,000523123;0,000452431;0;0;0,000791754;0;0;0;0;0
L2A18;0,450984577;0,01443399;0,172781065;0,033136095;0,220079542;0,033155495;0,008439228;0,02813076;0,005858958;0,000601416;0,004675526;0;0,002250461;0,005839558;0;0,003162285;0;0,009176448;0;0,005063537;0;0;0;0;0,00223106;0;0;0;0;0;0;0;0;0
L3A17;0,361675695;0,105800171;0,190114456;0,089222435;0,163496395;0,050221987;0,001649627;0,016007495;0,005254368;0,000162926;0,001160849;0,003136328;0,001160849;0,002851208;0;0,006374486;0;0;0;0,001364507;0;0;0;0;0;0;0,000346218;0;0;0;0;0;0;0
L3F18;0,141918961;0,300228666;0,106320315;0,014122382;0,005561145;0,232452209;0,021897009;0,007335589;0,004756243;0,001079301;0,000786609;0,156352328;0,001554925;0,001682978;0;0,00073173;0,000439038;0;0,000274399;0,000402451;0,000585384;0;0;0;0,000329278;0,000201226;0;0;0;0;0;0,000987835;0;0
L3A18;0,49355337;0,012120926;0,1442532;0,069037261;0,202398966;0,013539499;0,015714646;0,013161213;0;0,000504382;0,004476389;0;0,000236429;0,01566736;0;0,002931719;0,000630477;0,007660299;0,000425572;0,003688292;0;0;0;0;0;0;0;0;0;0;0;0;0;0
L4A17;0,328977215;0,306276873;0,083403866;0,080729255;0,054186275;0,114568169;0,001489657;0,007549853;0,008971798;0,000169279;0,000914108;0,006703457;0,001201882;0,001066459;0;0,003385584;0,000220063;0;0;0,000186207;0;0;0;0;0;0;0;0;0;0;0;0;0;0
L4F18;0,319915576;0,173305192;0,157281553;0,033330519;0,0124103;0,175972984;0,023875053;0,014774166;0,006061629;0,003951034;0,00244829;0,062287885;0,003208105;0,003376952;0;0,001570283;0,001333896;0,001756015;0,000624736;0,001046855;0,00070916;0;0;0;0,000337695;0;0,000185732;0;0,000236387;0;0;0;0;0
L4A18;0,475143959;0,009914241;0,161339743;0,03301812;0,249317626;0,014492754;0,005001145;0,027700002;0,002993643;0,001866624;0,003204959;7,04E-05;0,002430134;0,006497966;0,000845264;0,003099301;0,000264145;0,000405022;0;0,002271647;0;0;0;0,000123268;0;0;0;0;0;0;0;0;0;0
;total clorofila;;;;;;;;;;;;;;;;;;;;;;;;;;;;;;;;;